26468015 32533054 
5446 1009 1009 
31831879 99876596 96864400 
27314139 10766320 
901496306 
0 0 0 
281654532 282357938 841559324 
187822 1036243 187822 
1771710026 
22766314 22766314 
339812207 627329747 627329747 
41316024 267394881 9912745 
0 0 
9283 
29100 312532 312532 
0 0 0 
0 0 
-757423060 319415951 334176745 
1645366150 1016283918 788397597 
109693578 
10014140 6526034 6526034 
0 0 
33826 
372196 225940 
179170057 
65339549 18594932 12524601 
744497 7983214 
63525 83460 63525 
737440181 1146864253 
255982520 
23837499 33633760 23837499 
1391837538 
42163975 42772523 
858534 
109050774 109050774 
444547 
-970740924 -970740924 
692974776 983635194 
5304879 1634121 
259497861 259497861 1733901713 
28536640 19373870 
2135404 
943464 3320201 
178397045 178397045 213214740 
0 
203444887 336237721 203444887 
230229977 440364776 
93772438 
529244 34165 79576 
3233883 767115 887083 
